Question [6,55,23,22,9]
Question [69,76,69,1,100]
Question [44,51,93,34,100]
Question [59,67,55,74,15]
Question [95,12,99,76,46]
Question [71,50,95,39,25,16,41,69,45,8]
Question [57,57,37,22,15,21,52,45,9,10]
Question [29,52,12,40,80,91,10,89,41,33]
Question [61,41,18,52,95,8,45,75,26,42]
Question [20,72,1,34,89,75,70,12,7,40]
Question [12,82,14,57,2,89,63,99,11,84]
Question [46,61,19,52,6,68,84,82,10,23]
Question [37,33,89,46,41,30,41,69,88,88]
Question [95,32,38,72,81,82,81,50,71,14]
Question [46,72,45,67,10,18,40,72,74,95]
